18.634123402780105 3.9641731450636186 6.970769165296695
19.48843142170766 3.8540518288202823 6.619497366582754
22.962429335088146 3.6547784701489783 9.595509627959508
26.434674866871138 4.380771171776794 6.497826752357952
27.345107648512794 4.043050863063705 7.89865780973245
44.54136759538652 3.940573088308816 8.826518526403394
53.52571439520767 3.846913744992662 10.721005126968478
56.539564410293465 3.741340983725156 6.053495699626966
57.70754407958159 3.5449734251403466 8.407470870108305
60.02190968229171 4.162513789261701 8.921712192487826
