2.8411461410436347
2.7887063901543643
3.2440844653348915
2.9336441110910756
2.5074837534031915
3.148452734863517
3.272229973201367
3.223896156348374
2.6791126468869213
2.745464121323812
3.4511178450930426
3.4554771786214236
2.6265368430402547
3.120087970735634
3.380864024562568
3.1385059618206537
3.1707409830503335
3.2115621893301403
2.7090254128781788
3.472691613061716
3.3927330896405117
3.022661766960244
3.401646289700542
2.559660700451936
3.1103927620799894
3.2138585245520614
2.617316161378305
2.5851260623330274
2.874830159679341
3.36982919333958
3.414789230122202
2.9992037344152855
2.6110037603151657
2.798236264003032
2.514036232978312
2.7491203598785496
2.9050332153379257
2.618869588082524
2.70148586850822
2.934572435809154
3.0954573654556796
3.236398636235519
2.8787334823478457
2.738598881027032
2.6825362537527533
3.372660445540972
3.1699458744082003
2.501633112355464
2.6067588488428797
2.7937132124619044
3.303952731828323
3.459077307841626
3.196276299920269
3.339252836284016
3.0486322684514366
3.3347671320451187
2.664438829287737
2.636255726069964
2.6563195280658696
3.1655105365025413
3.490587707181828
3.2526930302787447
2.6873899987953895
3.3259896011474965
3.137072326230472
2.8684135063531864
2.86051796599184
3.0226975423258082
2.647090072621999
3.4634426949310493
2.616160885756358
2.947131494884974
2.9271559140329164
3.14558589693129
3.2539327426687423
2.7951427979647145
2.97754475145412
3.260432596578927
2.6388513438661114
2.5105360440261406
2.9948426337933114
2.7931941001369296
2.872422606758972
3.4148053728862213
3.4549398639638538
2.7906832763087714
3.080460212356509
2.6000042199841915
3.238986604574522
3.365500852075522
3.4618219690613206
3.295027278328693
3.06978716527573
3.278694370966266
3.27490706290635
3.366725336915607
3.219979269909303
2.859469276285673
3.229454511473804
2.7713164950855647
3.2361959802335933
3.2801637057283064
3.276203619852361
3.3176040070749555
3.3446798876020107
2.692007965375488
3.1351539585425554
3.0417676943774357
3.1039949809899166
3.462410578472749
2.9963591998129697
3.193697029661398
2.583655593847081
3.0415254389836908
2.892973588471741
2.683681135473022
2.5449932169434097
2.8509417281906986
3.206236009581131
2.887516699070704
2.5349896838961494
3.096802874233668
3.399820429409591
2.584355770903026
2.5463595153114524
2.9771229689665284
3.0505528322868214
2.923670802331763
3.319339714692424
3.35526219691951
3.471119318236797
3.0395947183370087
2.6659227090812503
2.8758401112150507
2.7275739680443385
2.785277203118272
3.2962994223423565
2.566709488148094
2.5922298212869648
3.2944583978151805
2.6642334332379893
2.7365213336816856
3.424621109013848
2.7197979219780675
2.982866064583683
3.47915875108601
3.2410486063130968
2.7457318306747323
3.1086718329911607
3.0457076376293397
3.4679712407846175
2.622645236490649
3.2400896512955155
2.9894762549062905
3.1395810736892322
3.2672418040913636
3.0646967860015035
2.645618342500701
2.803058837850002
3.3018226120102305
3.136284461337345
2.76418572040729
2.8337756780089958
3.044149032965226
3.444414577688664
2.6423214107807373
2.775516873109704
3.0495652230637353
3.263463152599548
3.468245568899742
2.905176541606351
3.053608244013829
3.0636605828165226
2.76087311426405
2.531973268131048
2.7194945494837457
3.0670038488082767
2.8560717644339815
3.224824091352911
2.644449349682156
3.1020050643261516
2.7478275398988448
2.8839416302367713
2.5911752620348265
2.6690242361448693
2.6759870328106774
3.1803105752284253
3.3596468124368206
2.7175125253467556
3.0057832326530614
3.0833327545259497
2.6230763798742345
3.1687493321501368
2.643968996966033
2.7322761931104367
3.470186808316998
3.3174462163952745
2.5976748354254604
3.4654313023028074
2.5875257812340084
3.3926535837592358
3.1285476511987604
3.037923133627516
2.768434790850396
3.2859880917162707
2.7337111644816834
2.676923798210617
2.7007259627862488
2.6033970747683632
3.070442317033907
3.2115696198845907
2.553050453581138
2.981473931190547
3.1690957989048223
2.9374975474826144
3.1015202924457395
2.5891926984713867
3.1689526274201696
3.482810250559373
3.169666688470647
3.2428691939004
2.866955894178143
3.349319795559608
3.4100569218435672
3.333634204428558
2.5699859433045185
3.0490282121845658
2.669847809501624
3.4851283492151692
2.6884972821421433
2.7347082313240816
3.0330488584219006
2.688565287472578
3.4819093159142556
2.702643473143403
2.584181474184096
2.5409842407881023
2.5120779352595455
2.6411960939658092
2.517073343517916
2.8381497101649305
2.551888128001721
2.8968540031325865
3.491304348237316
2.6764949736444823
2.793701813940034
2.8712871188360465
2.936720663223705
3.405058250233221
3.4079389098259325
3.0530305982179944
2.7132889384817043
2.7846311594222968
2.944307493636373
3.2189619624169774
3.2471794591760856
3.3342876212120016
3.4346546488020313
3.495664463408232
3.0156925499007667
3.041420276944308
3.4850330357085526
2.525077285128349
3.2020345252300024
3.483354530844752
3.0383871260741246
3.0045088321521125
2.5963354424272262
3.3287573655025424
2.511338633431632
2.7873039840324623
3.310400872713838
3.015663237190658
3.1714171346182054
3.116276772015206
2.9526093194035026
3.4023734005786634
2.6682233744345623
2.8062457859226915
3.2944303352661826
3.3471638878876564
2.6880789096440347
3.293665597463245
2.550359281975548
3.44906572341523
2.8178718582557196
2.7984941744515592
2.512282200791683
2.803163105079193
3.4461299195597075
3.3633980022410395
2.5306482841455136
3.265482713331868
2.7658424440610263
3.0518277527995314
3.1860599231588593
3.4853745893380865
3.318994377836922
3.2134318134384854
3.420784323847682
3.085153566173453
3.437930430695766
2.551963530270923
3.15450565926483
3.0892120731885795
3.2859683266447055
2.917816175359955
2.7636229880403675
2.6830451721032773
2.88673964966749
3.017487796237617
2.5217667701057627
2.5710346070044547
3.062422567983846
2.901727303125943
3.1318368343033174
2.6719234565184147
2.667559524954622
3.1926342295599808
3.4411968689767303
3.0172063247501693
3.206892452708248
2.8269871020055155
3.0034821240215552
2.594530880452533
2.9634179089214214
2.6543267517354554
2.9666752242746828
3.4877724353078627
2.8894787449758708
3.409021911569557
3.418097618491812
2.9238332324618117
2.7470905904121987
3.121093050671841
2.699270289259373
3.0784515533659618
3.1378337006371333
3.3986446110546504
3.0853922444017603
2.720466587634961
3.091906452147152
2.7385464657962593
3.3734435436572348
3.4644381205445347
2.513737739360537
3.4138600071401255
2.5309503071394666
2.671457480071438
3.3203770514161173
2.7546068102950962
3.4501160834353506
2.8925579326127195
3.1105640647837043
3.044994760567345
3.199669975338333
3.316531001563127
3.295798787784539
3.2667859083396573
2.8167371104916485
2.5918212794370628
3.494022339874226
2.5511654534412282
3.179632620988111
3.2404541847164574
3.450141510042217
2.773096889960253
2.969588300537108
2.5664622611028864
3.4164351147622356
2.593567797352172
3.3658119260457413
2.5990631340308936
3.402704609074993
2.919723457280786
2.5328235809519186
2.605659324996854
2.8576305805062967
2.7306432701056655
3.406118874987609
3.4151283862542003
3.307276400040742
2.644912179707707
2.8598055217192866
2.5754379988952074
3.3918916557369583
2.560910532135409
2.8811972264465986
2.6068856285467867
2.88676130858016
2.7623711875759476
2.666932061282184
3.3322231660389843
2.963659063378314
2.721236277356863
2.540150233730324
2.7690266510390456
2.578783475973732
2.519503299069925
2.703516855743915
2.52085693939763
3.199964902979033
2.753536951982165
2.798452637750264
3.336005376187356
2.6162940096544864
2.8779802105499233
2.884967708937154
2.893174179883599
2.5699541997273823
3.094651037634531
3.14495719138784
3.4137483868081597
3.1529436380966223
2.716801645661192
3.1696559084455007
2.541205328387976
3.1606267216254054
2.6275071282194826
3.2790266821266845
2.836239265869721
3.4901358352746508
2.8067050936515017
3.3003736908551913
3.415580994701985
3.4061973651984223
3.060862929152645
2.688392403832032
2.8908479746877416
3.3732880471095172
3.483855685074946
3.2616894807869747
3.4309627436487804
3.367847875834037
2.822648047244748
3.489270693637325
2.555482229078832
2.9397363114327804
2.8800012923044243
2.7503673413705902
3.146909373805671
3.4419025049924064
2.9662175233163506
3.4555280694267108
2.960892287758848
3.4508475443040028
3.402884830791426
3.143220454314505
3.386585779936686
3.4294010905969605
2.9954852185235117
2.6353151077513894
2.8208824495257168
3.3891304265368887
3.391488222021633
2.7859821791279216
3.0993919405911283
3.2300592162431063
3.1384505604384225
3.242890113096269
3.432195625717339
3.119057433853806
3.422582881265293
3.268277325234139
2.944984314888159
3.254918535410965
3.2012678102493184
3.4503853996463563
2.7063528383916595
3.285520173652613
3.180656272492035
3.4772607693164996
2.5473894308654996
2.5115774051979267
2.7675780759029833
2.5262331477860016
3.381467999106799
3.147695714620771
3.1576542947848423
3.240370727841029
2.756547044112321
2.555082471073673
2.6430327745212137
2.903725000689822
2.689196141967659
3.319511873358838
2.815812977021934
3.4726699678430313
2.867157234631934
2.8734040834772907
2.646768676422189
2.7449240680813136
3.041465879527795
2.705866625897185
2.7393235463584733
3.3684384335881843
2.693711492714534
3.221189964377039
2.8118437137650707
3.3242257751598916
2.9465925495638308
2.7885267827163602
2.637967757320909
2.7015169602718654
3.073219678502489
3.042213366553121
3.3877218638485873
2.9993059949839
3.1864895744045807
2.62354782697635
3.36520408177019
3.000368420136247
2.760695600344442
3.0430042799046753
2.513334663123322
3.035868632823977
2.6522335154224237
2.67272457647044
2.8048234601963045
3.0976317542772405
3.1889986001605113
2.892223091732225
3.176831288748004
3.2224686725616105
3.2601180074224474
2.7784163019067454
3.380653975938293
3.4569624536685755
2.928116200929868
3.1417075747683016
2.945208270275601
3.2090653615776352
3.361230049631481
3.1208902085527135
3.1134005076134352
2.5557701621868016
3.2945414107437343
2.6354332945801775
2.768719286626427
2.825593060467199
3.0821401803897652
3.404308785634288
3.126460636884365
3.356602724282453
3.1747547514041914
2.9147129640498326
2.5070001351977425
3.4764288745973784
3.034628714343736
2.7332254383938297
3.4550929868728133
2.8176982455234896
2.755999800256383
3.4660597957510104
3.4799196970147435
3.0967435768437865
2.709171696997675
2.845556874458895
2.843389573795947
3.4463108723449074
2.663848257663765
2.8386572869742186
3.4129344480064288
3.3516351973394065
2.9322451631095308
2.5281897848263624
2.8676037785653055
3.0135902143370816
3.4736649206961725
2.641144652985534
2.508770429752202
2.5184731418808175
3.1579824696433176
2.9384050558726535
2.9060910099083426
2.75016495351493
3.1301314646671736
2.7360484499095534
3.1873302572971554
3.1642837113545554
2.704784135361476
2.7827998013891455
2.810422909360987
2.5088993903763397
3.0946099833921377
3.35188646644838
2.638299571029127
2.967883653530989
3.310790581514767
2.6049615306715372
3.230910487442862
2.8239197033678356
2.5551215878948454
3.081361562724477
2.8028744084973307
3.133564132295522
2.687269142269728
2.9884758477881808
3.1449353878363846
2.6148553061916093
2.661590053562135
2.6541897318527914
2.924701168522849
2.7149373381194053
2.7404426608823202
3.1593921048271545
2.5578162698661213
3.0407951321407114
2.6900577993035744
3.134454677013133
3.141157377135293
2.9215244722144518
3.279752328921286
3.32691446695909
2.526764443230802
3.2079401204529088
3.3587781644694403
2.8081063896431115
2.6127168494800346
3.0887920661434816
2.6094199172155177
3.275572875484548
2.76197598733798
3.2198002689467966
3.143149423510663
2.500136285027653
2.856702876676902
2.932273023841861
3.4406251117147573
3.407681136983332
2.6973870804901896
3.454523312103527
3.409566941182125
3.010013438793537
3.0356904994842258
3.0343554582953125
2.8769887332638766
2.561563715929982
2.8327408623102412
3.410405336874053
3.4431645880521593
2.7742421515069005
2.7455859251243773
3.041489767045066
3.310516425149169
3.337748407132603
3.2545692710114036
3.3251504418362616
2.7143388364902434
3.4908150558653976
3.209951512778566
2.6002711606302444
3.237527786342997
2.641031330731575
2.9280250647620183
2.5618048068326518
3.0470013020013953
3.0263943287892308
3.3364803132876197
3.4980781548066653
2.977637757697481
2.6723589735672606
2.582616959766941
3.135265487108273
2.5956568669717246
2.7199124479954717
2.868483370586738
3.2968121318236645
2.795655637527448
3.097101198205922
3.2863303044191197
3.3727315089839216
3.3523942149457437
2.6255134992615465
3.17541950956718
2.652438552601686
2.8818099295280635
3.3464581274779013
2.812462476534974
2.751283838370823
3.0744535367382886
3.3761901854476317
3.0446084796566266
3.1513078571927524
2.877850342204167
3.1209641650794673
3.0673459011980153
3.3433970567741516
3.0388693741069117
2.804815962700483
2.8528034478798068
2.9338051609145306
3.1652047647045256
3.2749235551273643
2.684655978600406
3.379119713789763
2.848303529792143
3.455125662808022
2.830061580470242
2.611159221082714
3.2747295371043847
3.072482450974637
3.047864150049531
3.057742982705493
2.741027711112138
2.875033931196162
3.451676133234376
3.16071837044332
3.221536422799774
3.3851114786236725
3.3453500435838044
2.5529126513245957
3.297833535746408
3.3297807477679036
3.093956367033319
3.0870743823584923
3.4358558071691805
3.1646318584477466
3.069566506460964
3.3452861021372753
3.3096010866900314
2.994905594221237
2.582087660589658
3.1610174913110347
3.3984692109031833
2.908106860173283
2.9828466156506765
2.6089145271790755
3.0843741862366425
3.375537865125687
3.217208784046252
2.8129296473396908
3.0389675274599934
2.7315225020388176
2.547081086591879
3.296779720232943
2.580456236734466
2.8826541114409165
2.738157866546078
3.368261976766786
2.9077746522209527
2.5893183464053844
3.3311344468373614
3.1681539420715317
2.7544434321092854
2.928215501350966
2.588562985063591
3.2770301601512863
2.8023694765761733
3.224316076243678
3.1439477730059813
2.8772951326780283
3.455690437334326
3.2716068132261173
3.398388373978916
2.7316778251985223
3.29890260904605
2.720184239257755
2.6337904771539877
2.781687867323935
2.8602742215571464
3.1823011951614157
2.9521194408559968
2.9585447431459078
2.627329508803994
2.6744137624305764
3.0584808450633187
2.7950440038563427
2.7349498293800076
2.8554618534610583
3.3127404942960985
3.3776566469321665
2.605563239448519
3.370693877669254
3.114189267902928
3.0596324721975616
3.459294067222879
2.8086759450562138
3.3454131744175877
3.0263706094210345
2.88961051751502
3.4644132037672906
2.775758352408846
2.631213371164394
3.054686671348353
2.960155157705862
3.0360445490099632
2.5242990396105576
3.287411026615824
3.1654373897558505
3.3731818612478803
3.259574511806217
3.0094097164076477
3.47032562423867
3.0921308711049726
3.14587585352072
3.0995117996877415
3.356008985588079
3.3422878922821124
2.9272343477228038
2.657801525650461
3.0986135508114603
3.0691874218058244
2.7566791810777134
2.9369636420698684
3.1025781316139422
3.448665097489116
3.2718711008122376
3.4119367929018494
3.114318002993419
3.1727203825013977
3.128760034447664
3.1398755964542486
3.3592979307017687
3.22502825494791
2.7819913407677994
2.940792611086195
2.9423453560532886
2.9952912434606747
2.831710208312328
2.8077186523016886
3.1740834239821334
3.234002653671716
3.125847077227865
3.2967522214599176
3.3629172689956244
2.5426961120211446
2.5801362251373225
3.172211873224614
3.0937981361955176
3.3871901444536956
3.451524147173458
2.677772105883136
3.28991217231554
3.451353511380958
3.4957878613142137
2.5567530392778535
3.1311351041779516
2.921073929912813
2.8337432418170154
3.3322166762693435
2.981901114135611
3.1620483909962145
2.5702316521330486
2.7811124502664564
3.352438413252194
2.6799648648210495
3.255730203830246
2.6038266370830545
3.198108519555574
2.8917299070288918
3.3876145879729123
2.777124807002133
2.851689763170105
3.0616246514460554
3.1636456188191526
3.0958063593254384
2.7277055277088813
3.0746015121171433
2.553497221446628
2.8663512507582274
2.7731621177761947
2.9258510079499236
2.51081783308439
3.270846007846501
3.255708918379705
2.9322658879409014
2.8724312162838093
3.0489160274344265
2.623402726337875
3.03525828522028
3.204874623491073
3.1447614642955775
3.2632594006495195
3.0263873394678273
3.187908001408505
3.2302596277150717
3.184914884608906
2.658665056330201
2.760581973493635
2.9643631693869104
2.6183724799679515
2.9443766123202764
3.407954656679635
2.5343418849294608
3.0477652151704957
2.5462887489857406
2.935317626375441
2.5434354623551876
3.2158327651691625
3.3882423029118383
2.6736593335154195
2.9786596231501425
3.1229514837916508
3.207084630790899
2.92278497614482
3.0917579403955173
2.9569520535875866
2.91740632827237
3.1478152484659976
2.5314677538436583
3.0766543766317263
3.213023077846295
2.6420551867302735
2.6473294188833583
2.814104671167213
2.6332807217355394
3.3560417134302734
3.417265780054665
2.918182493955766
3.0549152991187225
2.7354090111691214
2.5286156202172476
3.3158137829419716
3.3036498690930953
2.695942274136097
2.708789222621563
3.1276756808103126
2.750987838912762
3.3995584251785624
2.792265629539897
2.7134754772828327
2.750419257436669
2.639485670652303
2.7562826424508495
2.7466272944841914
3.4977834089241306
2.9437627134280877
3.4059167086491584
2.8908610022560843
2.683791121770219
2.9603150391584627
3.365457323557413
2.506456740736401
2.9709105421906212
3.3445057941809933
2.7287357247217896
3.1868548566811605
3.0529941918053285
2.7340910819044044
2.6918141964270212
3.3781142536602866
2.6183381794078335
3.360181784661447
3.425242426449624
2.8070401657992443
2.517421746284698
3.368366775860595
2.881127215192753
2.818635846575038
3.4466625237611352
2.8521479998059656
2.9578913808107385
3.4423121985011873
2.788380440167925
3.427578998408744
3.130644570094889
2.7630489303509345
2.594218835012553
3.286610175465853
3.1838591874077466
3.4391793386573557
3.2470562085516588
3.287486513050167
2.9223865847016923
2.5949282870743087
3.3943634127399367
2.990198314872498
3.4932937212668786
2.5357426642060057
3.4127266077426155
3.3574772666589148
3.2602596918042295
3.4040118011872327
3.1955851887830087
2.585490840209174
3.235445068606645
2.7246600503765093
2.8232890432209072
2.589013323946449
2.672148521574077
2.994354018614569
2.792512501444457
2.757120419430138
2.701991189659687
2.559373337549714
3.1001789740902597
2.5627856861798306
3.2815019166055004
2.9874873666123194
3.4899774513300104
2.5760232920490127
2.7032198126720646
2.65145719302278
2.6865379857802996
2.7147702738453994
3.088292487232433
2.6723979538532765
3.0564394535757233
3.374581027500919
